345 0 777 603 689 666 258 62 defective_insulator 0
656 441 684 486 602 539 573 494 broken_defect 0
1410 165 1471 247 848 711 787 629 good_insulator 0
836 597 892 667 848 702 792 631 flashover_defect 0
876 570 929 645 878 682 825 606 flashover_defect 0
904 547 961 620 922 651 865 579 flashover_defect 0
941 523 996 599 954 630 899 554 flashover_defect 0
973 494 1031 570 987 604 928 529 flashover_defect 0
1010 471 1064 547 1020 578 966 502 flashover_defect 0
1040 445 1097 517 1059 547 1002 475 flashover_defect 0
1075 420 1135 495 1099 523 1039 448 flashover_defect 0
1113 391 1175 462 1135 498 1073 426 flashover_defect 0
1149 365 1209 440 1167 473 1107 398 flashover_defect 0
1191 334 1247 413 1200 447 1143 368 flashover_defect 0
1221 314 1274 389 1235 416 1182 341 flashover_defect 0
1262 280 1321 354 1272 393 1213 318 flashover_defect 0
1303 251 1358 328 1307 365 1252 287 flashover_defect 0
1330 228 1388 301 1344 336 1286 263 flashover_defect 0
1366 201 1424 279 1382 311 1324 232 flashover_defect 0
1400 174 1457 252 1415 282 1358 204 flashover_defect 0
