124 445 1107 445 1107 1200 124 1200 defective_insulator 0
1119 663 929 760 809 522 999 426 flashover_defect 0
975 762 887 811 761 585 848 536 flashover_defect 0
942 779 844 834 707 588 805 533 flashover_defect 0
901 837 791 894 671 657 781 601 flashover_defect 0
826 873 729 925 615 710 712 658 flashover_defect 0
769 935 693 977 570 752 646 710 flashover_defect 0
735 956 641 1003 530 783 623 736 flashover_defect 0
639 1029 548 1080 429 867 520 816 flashover_defect 0
542 1093 450 1145 322 920 414 867 flashover_defect 0
