1090 165 1273 191 1116 1304 933 1278 defective_insulator 0
1088 187 1262 213 1244 332 1071 305 broken_defect 0
1075 281 1251 309 1234 413 1058 385 flashover_defect 0
1062 368 1244 394 1229 501 1046 475 flashover_defect 0
1050 447 1229 473 1213 581 1035 556 flashover_defect 0
1042 534 1216 559 1202 659 1028 635 flashover_defect 0
1030 612 1208 637 1194 740 1015 715 flashover_defect 0
1021 697 1191 723 1175 828 1005 802 flashover_defect 0
1008 779 1182 803 1168 904 994 879 flashover_defect 0
998 855 1171 882 1156 981 983 955 flashover_defect 0
968 1085 1139 1111 1123 1217 952 1191 flashover_defect 0
958 1166 1125 1191 1109 1296 942 1271 flashover_defect 0
987 936 1157 959 1143 1063 973 1041 flashover_defect 0
975 1009 1148 1034 1134 1131 961 1107 flashover_defect 0
