1251 1213 1096 1235 961 282 1117 260 defective_insulator 0
1130 366 973 386 961 289 1117 269 flashover_defect 0
1140 435 987 458 975 381 1128 358 broken_defect 0
1150 510 993 531 982 444 1139 424 flashover_defect 0
1164 584 1008 607 995 522 1151 498 flashover_defect 0
1181 727 1030 746 1019 667 1171 648 flashover_defect 0
1190 798 1034 819 1021 725 1178 705 broken_defect 0
1195 868 1043 886 1033 799 1184 781 flashover_defect 0
1212 940 1060 966 1046 883 1198 857 flashover_defect 0
1217 1005 1064 1028 1051 943 1204 920 flashover_defect 0
1231 1067 1073 1089 1062 1011 1220 989 flashover_defect 0
1241 1148 1087 1168 1075 1078 1229 1058 flashover_defect 0
1249 1206 1098 1229 1086 1150 1237 1127 flashover_defect 0
