1261 1211 1082 1229 984 257 1163 239 defective_insulator 0
1172 363 996 383 983 264 1159 245 flashover_defect 0
1240 1078 1064 1099 1051 996 1228 975 broken_defect 0
1177 438 1008 455 999 366 1168 349 flashover_defect 0
1191 514 1012 533 1002 442 1181 423 flashover_defect 0
1194 580 1019 597 1011 512 1186 495 flashover_defect 0
1200 665 1023 679 1015 585 1193 571 flashover_defect 0
1208 728 1034 745 1026 665 1200 647 flashover_defect 0
1216 800 1037 818 1028 732 1207 714 flashover_defect 0
1225 945 1056 962 1045 851 1214 834 flashover_defect 0
