1270 1393 1110 1401 1060 405 1220 397 defective_insulator 0
1223 503 1076 511 1070 421 1218 412 flashover_defect 0
1222 565 1076 571 1074 502 1219 496 flashover_defect 0
1222 623 1082 631 1078 553 1217 545 flashover_defect 0
1225 686 1076 692 1074 628 1222 622 flashover_defect 0
1238 744 1089 752 1085 679 1234 671 flashover_defect 0
1232 811 1090 817 1088 748 1229 742 flashover_defect 0
1242 1047 1103 1057 1097 981 1237 971 flashover_defect 0
1252 1224 1105 1230 1102 1155 1249 1149 flashover_defect 0
1252 1165 1103 1169 1101 1098 1250 1094 flashover_defect 0
