1169 103 1235 236 510 595 444 463 defective_insulator 0
1175 102 1241 231 1133 286 1067 157 flashover_defect 0
1091 139 1159 273 1092 307 1024 173 broken_defect 0
1069 155 1133 280 1041 327 977 202 broken_defect 0
1012 191 1073 311 998 349 937 229 broken_defect 0
971 209 1037 339 962 377 896 247 broken_defect 0
923 239 983 360 915 393 855 273 broken_defect 0
877 253 945 378 888 409 820 284 broken_defect 0
845 276 914 400 866 427 797 303 broken_defect 0
837 273 910 395 836 440 762 318 broken_defect 0
792 311 852 428 790 459 731 343 broken_defect 0
748 323 811 447 746 480 683 356 broken_defect 0
632 384 693 506 631 537 570 415 broken_defect 0
594 398 656 520 591 552 530 431 broken_defect 0
510 418 372 459 248 43 386 1 good_insulator 0
