1285 1263 1109 1268 1077 176 1253 170 defective_insulator 0
1252 287 1076 294 1072 187 1248 180 defective_insulator 0
1256 367 1079 375 1075 277 1252 270 flashover_defect 0
1259 451 1087 457 1084 364 1255 357 flashover_defect 0
1262 543 1091 550 1086 446 1258 439 flashover_defect 0
1268 620 1093 627 1090 535 1265 528 flashover_defect 0
1268 706 1095 713 1091 612 1264 605 flashover_defect 0
1269 779 1099 784 1096 688 1266 683 flashover_defect 0
1273 863 1101 868 1098 774 1270 768 flashover_defect 0
1275 947 1110 952 1107 852 1272 847 flashover_defect 0
1279 1026 1105 1031 1102 930 1276 925 flashover_defect 0
1281 1108 1105 1115 1101 1010 1277 1003 flashover_defect 0
1283 1190 1108 1194 1106 1094 1281 1090 flashover_defect 0
