953 165 1129 170 1096 1265 920 1260 defective_insulator 0
956 173 1133 177 1130 290 953 287 flashover_defect 0
951 269 1123 273 1121 375 949 371 flashover_defect 0
949 363 1118 367 1116 467 947 463 flashover_defect 0
947 441 1121 445 1119 541 945 538 flashover_defect 0
948 529 1116 534 1113 626 945 621 flashover_defect 0
949 602 1118 610 1113 704 944 696 flashover_defect 0
941 679 1116 688 1111 783 936 775 flashover_defect 0
937 773 1108 777 1107 857 936 853 flashover_defect 0
937 848 1109 859 1103 949 932 939 flashover_defect 0
931 921 1107 932 1101 1030 926 1020 flashover_defect 0
931 999 1101 1006 1097 1111 926 1105 flashover_defect 0
932 1080 1107 1090 1101 1185 926 1175 flashover_defect 0
